exp_mat=[0.500000, 0.257902, 0.039758, 0.516202
0.506061, 0.255785, 0.039530, 0.521167
0.512121, 0.253658, 0.039299, 0.526088
0.518182, 0.251519, 0.039067, 0.530964
0.524242, 0.249370, 0.038833, 0.535796
0.530303, 0.247211, 0.038597, 0.540582
0.536364, 0.245041, 0.038359, 0.545321
0.542424, 0.242861, 0.038119, 0.550014
0.548485, 0.240671, 0.037877, 0.554660
0.554545, 0.238470, 0.037634, 0.559257
0.560606, 0.236259, 0.037388, 0.563806
0.566667, 0.234038, 0.037141, 0.568306
0.572727, 0.231807, 0.036891, 0.572755
0.578788, 0.229566, 0.036640, 0.577153
0.584848, 0.227315, 0.036387, 0.581500
0.590909, 0.225054, 0.036131, 0.585795
0.596970, 0.222783, 0.035874, 0.590036
0.603030, 0.220502, 0.035614, 0.594223
0.609091, 0.218212, 0.035353, 0.598356
0.615152, 0.215912, 0.035089, 0.602433
0.621212, 0.213603, 0.034823, 0.606453
0.627273, 0.211284, 0.034556, 0.610415
0.633333, 0.208955, 0.034286, 0.614319
0.639394, 0.206618, 0.034014, 0.618163
0.645455, 0.204271, 0.033739, 0.621947
0.651515, 0.201914, 0.033463, 0.625668
0.657576, 0.199549, 0.033185, 0.629327
0.663636, 0.197174, 0.032904, 0.632921
0.669697, 0.194790, 0.032621, 0.636449
0.675758, 0.192398, 0.032336, 0.639911
0.681818, 0.189996, 0.032049, 0.643305
0.687879, 0.187585, 0.031760, 0.646629
0.693939, 0.185166, 0.031468, 0.649881
0.700000, 0.182738, 0.031174, 0.653061
0.706061, 0.180301, 0.030878, 0.656166
0.712121, 0.177855, 0.030579, 0.659195
0.718182, 0.175401, 0.030278, 0.662145
0.724242, 0.172939, 0.029975, 0.665016
0.730303, 0.170468, 0.029670, 0.667804
0.736364, 0.167988, 0.029362, 0.670508
0.742424, 0.165501, 0.029052, 0.673126
0.748485, 0.163005, 0.028739, 0.675654
0.754545, 0.160500, 0.028425, 0.678090
0.760606, 0.157988, 0.028107, 0.680433
0.766667, 0.155468, 0.027788, 0.682678
0.772727, 0.152939, 0.027465, 0.684823
0.778788, 0.150403, 0.027141, 0.686864
0.784848, 0.147859, 0.026814, 0.688799
0.790909, 0.145307, 0.026484, 0.690623
0.796970, 0.142747, 0.026153, 0.692333
0.803030, 0.140179, 0.025818, 0.693924
0.809091, 0.137604, 0.025481, 0.695392
0.815152, 0.135021, 0.025142, 0.696734
0.821212, 0.132431, 0.024800, 0.697942
0.827273, 0.129833, 0.024455, 0.699013
0.833333, 0.127228, 0.024108, 0.699940
0.839394, 0.124616, 0.023758, 0.700718
0.845455, 0.121996, 0.023406, 0.701339
0.851515, 0.119369, 0.023051, 0.701797
0.857576, 0.116735, 0.022694, 0.702084
0.863636, 0.114094, 0.022334, 0.702192
0.869697, 0.111446, 0.021971, 0.702111
0.875758, 0.108791, 0.021605, 0.701834
0.881818, 0.106129, 0.021237, 0.701348
0.887879, 0.103460, 0.020866, 0.700642
0.893939, 0.100784, 0.020493, 0.699706
0.900000, 0.098102, 0.020117, 0.698524
0.906061, 0.095413, 0.019738, 0.697083
0.912121, 0.092718, 0.019356, 0.695367
0.918182, 0.090016, 0.018972, 0.693358
0.924242, 0.087307, 0.018585, 0.691038
0.930303, 0.084592, 0.018195, 0.688384
0.936364, 0.081871, 0.017802, 0.685375
0.942424, 0.079144, 0.017406, 0.681985
0.948485, 0.076410, 0.017008, 0.678186
0.954545, 0.073670, 0.016607, 0.673945
0.960606, 0.070924, 0.016203, 0.669229
0.966667, 0.068172, 0.015796, 0.663998
0.972727, 0.065414, 0.015386, 0.658209
0.978788, 0.062651, 0.014973, 0.651812
0.984848, 0.059881, 0.014557, 0.644752
0.990909, 0.057106, 0.014139, 0.636967
0.996970, 0.054325, 0.013717, 0.628384
1.003030, 0.051538, 0.013293, 0.618924
1.009091, 0.048746, 0.012866, 0.608492
1.015152, 0.045948, 0.012435, 0.596981
1.021212, 0.043145, 0.012002, 0.584267
1.027273, 0.040336, 0.011566, 0.570205
1.033333, 0.037522, 0.011126, 0.554625
1.039394, 0.034703, 0.010684, 0.537326
1.045455, 0.031878, 0.010238, 0.518071
1.051515, 0.029048, 0.009790, 0.496575
1.057576, 0.026214, 0.009338, 0.472495
1.063636, 0.023374, 0.008884, 0.445410
1.069697, 0.020529, 0.008426, 0.414806
1.075758, 0.017680, 0.007965, 0.380040
1.081818, 0.014825, 0.007501, 0.340302
1.087879, 0.011966, 0.007034, 0.294554
1.093939, 0.009102, 0.006563, 0.241449
1.100000, 0.006233, 0.006090, 0.179198];