geom = [0.167, 0.152, 0.036600, 0.800
0.175, 0.154, 0.036600, 0.805
0.184, 0.156, 0.036600, 0.811
0.192, 0.158, 0.036600, 0.816
0.200, 0.160, 0.036587, 0.822
0.209, 0.162, 0.036237, 0.827
0.217, 0.164, 0.035887, 0.832
0.225, 0.166, 0.035537, 0.838
0.234, 0.168, 0.035187, 0.843
0.242, 0.170, 0.034837, 0.849
0.250, 0.172, 0.034487, 0.854
0.259, 0.174, 0.034138, 0.860
0.267, 0.176, 0.033788, 0.865
0.275, 0.178, 0.033438, 0.870
0.284, 0.180, 0.033088, 0.876
0.292, 0.181, 0.032738, 0.881
0.300, 0.183, 0.032388, 0.887
0.309, 0.185, 0.032038, 0.892
0.317, 0.187, 0.031689, 0.897
0.325, 0.188, 0.031339, 0.903
0.334, 0.190, 0.030989, 0.908
0.342, 0.192, 0.030639, 0.914
0.350, 0.193, 0.030289, 0.919
0.359, 0.195, 0.029939, 0.924
0.367, 0.196, 0.029589, 0.930
0.375, 0.198, 0.029240, 0.935
0.384, 0.199, 0.028890, 0.941
0.392, 0.201, 0.028540, 0.946
0.400, 0.202, 0.028190, 0.951
0.409, 0.204, 0.027840, 0.957
0.417, 0.205, 0.027490, 0.962
0.425, 0.206, 0.027140, 0.968
0.434, 0.208, 0.026790, 0.973
0.442, 0.209, 0.026441, 0.979
0.450, 0.210, 0.026091, 0.984
0.459, 0.211, 0.025741, 0.989
0.467, 0.212, 0.025391, 0.995
0.475, 0.213, 0.025041, 1.000
0.484, 0.214, 0.024691, 1.000
0.492, 0.215, 0.024341, 1.000
0.500, 0.216, 0.023992, 1.000
0.509, 0.217, 0.023642, 1.000
0.517, 0.218, 0.023292, 1.000
0.525, 0.219, 0.022942, 1.000
0.534, 0.220, 0.022592, 1.000
0.542, 0.220, 0.022242, 1.000
0.550, 0.221, 0.021892, 1.000
0.559, 0.222, 0.021543, 1.000
0.567, 0.222, 0.021193, 1.000
0.575, 0.223, 0.020843, 1.000
0.583, 0.223, 0.020493, 1.000
0.592, 0.224, 0.020143, 1.000
0.600, 0.224, 0.019793, 1.000
0.608, 0.225, 0.019443, 1.000
0.617, 0.225, 0.019094, 1.000
0.625, 0.225, 0.018744, 1.000
0.633, 0.225, 0.018394, 1.000
0.642, 0.226, 0.018044, 1.000
0.650, 0.226, 0.017694, 1.000
0.658, 0.226, 0.017344, 1.000
0.667, 0.226, 0.016994, 1.000
0.675, 0.225, 0.016645, 1.000
0.683, 0.225, 0.016295, 1.000
0.692, 0.225, 0.015945, 1.000
0.700, 0.225, 0.015595, 1.000
0.708, 0.224, 0.015245, 1.000
0.717, 0.224, 0.014895, 1.000
0.725, 0.223, 0.014545, 1.000
0.733, 0.222, 0.014196, 1.000
0.742, 0.222, 0.013846, 1.000
0.750, 0.221, 0.013496, 1.000
0.758, 0.220, 0.013146, 1.000
0.767, 0.219, 0.012796, 1.000
0.775, 0.218, 0.012446, 1.000
0.783, 0.216, 0.012096, 1.000
0.792, 0.215, 0.011747, 1.000
0.800, 0.213, 0.011397, 1.000
0.808, 0.211, 0.011047, 1.000
0.817, 0.210, 0.010697, 1.000
0.825, 0.208, 0.010347, 1.000
0.833, 0.205, 0.009997, 1.000
0.842, 0.203, 0.009647, 1.000
0.850, 0.200, 0.009297, 1.000
0.858, 0.198, 0.008948, 1.000
0.867, 0.195, 0.008598, 1.000
0.875, 0.191, 0.008248, 1.000
0.883, 0.188, 0.007898, 1.000
0.892, 0.184, 0.007548, 1.000
0.900, 0.180, 0.007198, 1.000
0.908, 0.175, 0.006848, 1.000
0.917, 0.170, 0.006499, 1.000
0.925, 0.165, 0.006149, 1.000
0.933, 0.158, 0.005799, 1.000
0.942, 0.151, 0.005449, 1.000
0.950, 0.143, 0.005099, 1.000
0.958, 0.134, 0.004749, 1.000
0.967, 0.124, 0.004399, 1.000
0.975, 0.112, 0.004050, 1.000
0.983, 0.097, 0.003700, 1.000
0.992, 0.078, 0.003350, 1.000
1.000, 0.000, 0.003000, 1.000];
